









1
2
3
4
5
6
7
8
9
10
11
1
2
3
4
5
6
7
8
9
10
11
12
13
14
15
16
17
18
19
20
21
22
23
24
25
26
1
2
3
4
5
6
7
8
9
10
11
12
13
14
15
16
17
18
19
20
21
22
23
24
25
26
27
28
29
30
31
32
33
34
35
36
37
38
39
40
41
42
43
1
44
2
45
3
46
4
47
5
48
6
49
7
50
8
51
9
52
10
53
11
54
12
55
13
56
14
57
15
58
16
59
17
60
18
61
19
62
20
63
21
64
22
65
23
66
24
67
25
68
26
69
27
70
28
71
29
72
30
73
31
74
32
75
33
76
34
77
35
78
36
79
37
80
38
81
39
82
40
83
41
84
42
85
43
86
44
87
45
88
46
89
47
90
48
91
49
92
50
93
51
94
52
95
53
96
54
97
55
98
56
99
57
100
58
59
60
61
62
63
64
65
66
67
68
69
70
71
72
73
74
75
76
77
78
79
80
81
82
83
84
85
86
87
88
89
90
91
92
93
94
95
96
97
98
99
100
1
2
3
4
5
6
7
8
9
10
11
12
13
14
15
16
17
18
19
20
21
22
23
24
25
26
27
28
29
30
31
32
33
34
35
36
37
38
39
40
41
42
43
44
45
46
47
48
49
50
51
52
53
54
55
56
57
58
59
60
61
62
63
64
65
66
67
68
69
70
71
72
73
74
75
76
77
78
79
80
81
82
83
84
85
86
87
88
89
90
91
92
93
94
95
96
97
98
99
100
